0,0,0,0,0,0,0,0,0,0, 
0.00258749,0.00646557,0.0102764,0.0138723,0.017244,0.0204091,0.0233891,0.0262045,0.0288732,0.0314108, 
0.00886775,0.0182151,0.0262001,0.0331439,0.0392981,0.0448349,0.0498752,0.0545066,0.0587949,0.0627905, 
0.0182103,0.0333591,0.0452642,0.0551287,0.0635851,0.0710049,0.0776261,0.0836113,0.0890766,0.0941083, 
0.0303112,0.0512028,0.0666647,0.0790407,0.0894001,0.098328,0.106182,0.113199,0.119543,0.125333, 
0.0449564,0.0713255,0.0899437,0.104448,0.116364,0.12649,0.1353,0.143097,0.150092,0.156434, 
0.0619723,0.0934267,0.114788,0.131061,0.144227,0.155285,0.164817,0.17319,0.180653,0.187381, 
0.0812066,0.11727,0.14096,0.158666,0.172803,0.18456,0.194614,0.203388,0.211165,0.218143, 
0.102519,0.142658,0.168268,0.187091,0.201947,0.214194,0.224594,0.233619,0.241578,0.24869, 
0.125776,0.169419,0.196549,0.216192,0.231535,0.244085,0.254676,0.263818,0.271846,0.278991, 
0.150848,0.197399,0.225659,0.245844,0.261461,0.274145,0.284787,0.29393,0.301925,0.309017, 
0.177607,0.226455,0.25547,0.275935,0.291632,0.304295,0.314863,0.323901,0.331776,0.338738, 
0.205926,0.256454,0.285865,0.306365,0.32196,0.334462,0.344843,0.353685,0.361361,0.368125, 
0.235678,0.287272,0.316733,0.33704,0.352367,0.364581,0.374674,0.383235,0.390641,0.397148, 
0.266735,0.318787,0.347971,0.367872,0.382779,0.394588,0.404301,0.412507,0.419582,0.425779, 
0.298969,0.350884,0.379481,0.398778,0.413125,0.424426,0.433677,0.441461,0.44815,0.45399, 
0.332252,0.383453,0.41117,0.429681,0.443341,0.454037,0.462752,0.470056,0.47631,0.481754, 
0.366453,0.416383,0.442949,0.460504,0.473362,0.483369,0.491483,0.498254,0.50403,0.509041, 
0.401442,0.449568,0.47473,0.491178,0.503128,0.512371,0.519824,0.526017,0.531278,0.535827, 
0.437088,0.482907,0.50643,0.521631,0.532581,0.540992,0.547735,0.553309,0.558024,0.562083, 
0.47326,0.516298,0.537969,0.551798,0.561665,0.569185,0.575174,0.580096,0.584237,0.587785, 
0.509826,0.549642,0.569267,0.581614,0.590327,0.596906,0.602103,0.606343,0.609888,0.612907, 
0.546654,0.582842,0.60025,0.611018,0.618513,0.624108,0.628482,0.632018,0.634948,0.637424, 
0.583614,0.615806,0.630844,0.639949,0.646175,0.65075,0.654276,0.657089,0.65939,0.661312, 
0.620575,0.648439,0.660976,0.668348,0.673263,0.67679,0.679449,0.681525,0.683187,0.684547, 
0.657409,0.680654,0.690578,0.696161,0.69973,0.702189,0.703966,0.705295,0.706313,0.707107, 
0.693987,0.712362,0.719583,0.723332,0.725532,0.726907,0.727795,0.728373,0.728743,0.728969, 
0.730183,0.743478,0.747926,0.74981,0.750624,0.750909,0.750903,0.750728,0.750451,0.750111, 
0.765873,0.773919,0.775543,0.775543,0.774965,0.774158,0.77326,0.772335,0.771415,0.770513, 
0.800935,0.803606,0.802375,0.800483,0.798515,0.796619,0.794835,0.793168,0.791611,0.790155, 
0.83525,0.83246,0.828364,0.824584,0.821234,0.818261,0.815602,0.813202,0.811018,0.809017, 
0.868701,0.860407,0.853453,0.847801,0.843085,0.839051,0.835531,0.832413,0.829615,0.827081, 
0.901176,0.887375,0.877588,0.870092,0.864034,0.858959,0.854598,0.850778,0.847382,0.844328, 
0.932566,0.913295,0.900719,0.891414,0.884046,0.877957,0.872778,0.868276,0.8643,0.860742, 
0.962764,0.938101,0.922796,0.91173,0.903089,0.896018,0.890046,0.884886,0.88035,0.876307, 
0.991671,0.96173,0.943774,0.931002,0.921133,0.913115,0.906382,0.900589,0.895515,0.891007, 
1.01919,0.984123,0.963607,0.949197,0.938149,0.929225,0.921763,0.915366,0.909779,0.904827, 
1.04523,1.00522,0.982256,0.966281,0.95411,0.944324,0.936171,0.929201,0.923127,0.917755, 
1.0697,1.02498,0.999682,0.982224,0.968991,0.958392,0.949586,0.942075,0.935544,0.929776, 
1.09252,1.04334,1.01585,0.996997,0.982769,0.971408,0.961991,0.953976,0.947017,0.940881, 
1.11362,1.06025,1.03072,1.01057,0.995422,0.983353,0.973371,0.964889,0.957534,0.951057, 
1.13293,1.07569,1.04427,1.02293,1.00693,0.994212,0.983711,0.974801,0.967084,0.960294, 
1.15038,1.0896,1.05647,1.03405,1.01727,1.00397,0.992999,0.9837,0.975656,0.968583, 
1.16591,1.10196,1.06729,1.0439,1.02644,1.01261,1.00122,0.991578,0.983241,0.975917, 
1.17948,1.11274,1.07672,1.05248,1.03441,1.02012,1.00837,0.998423,0.989831,0.982287, 
1.19104,1.1219,1.08472,1.05976,1.04118,1.0265,1.01443,1.00423,0.995419,0.987688, 
1.20055,1.12943,1.0913,1.06573,1.04673,1.03173,1.0194,1.00899,0.999999,0.992115, 
1.20798,1.1353,1.09642,1.07039,1.05106,1.0358,1.02328,1.0127,1.00357,0.995562, 
1.2133,1.1395,1.10009,1.07373,1.05415,1.03872,1.02605,1.01535,1.00612,0.998027, 
1.2165,1.14203,1.1023,1.07573,1.05601,1.04047,1.02771,1.01694,1.00765,0.999507, 
1.21757,1.14288,1.10303,1.0764,1.05663,1.04105,1.02826,1.01747,1.00816,1, 
1.2165,1.14203,1.1023,1.07573,1.05601,1.04047,1.02771,1.01694,1.00765,0.999507, 
1.2133,1.1395,1.10009,1.07373,1.05415,1.03872,1.02605,1.01535,1.00612,0.998027, 
1.20798,1.1353,1.09642,1.07039,1.05106,1.0358,1.02328,1.0127,1.00357,0.995562, 
1.20055,1.12943,1.0913,1.06573,1.04673,1.03173,1.0194,1.00899,0.999999,0.992115, 
1.19104,1.1219,1.08472,1.05976,1.04118,1.0265,1.01443,1.00423,0.995419,0.987688, 
1.17948,1.11274,1.07672,1.05248,1.03441,1.02012,1.00837,0.998423,0.989831,0.982287, 
1.16591,1.10196,1.06729,1.0439,1.02644,1.01261,1.00122,0.991578,0.983241,0.975917, 
1.15038,1.0896,1.05647,1.03405,1.01727,1.00397,0.992999,0.9837,0.975656,0.968583, 
1.13293,1.07569,1.04427,1.02293,1.00693,0.994212,0.983711,0.974801,0.967084,0.960294, 
1.11362,1.06025,1.03072,1.01057,0.995422,0.983353,0.973371,0.964889,0.957534,0.951057, 
1.09252,1.04334,1.01585,0.996997,0.982769,0.971408,0.961991,0.953976,0.947017,0.940881, 
1.0697,1.02498,0.999682,0.982224,0.968991,0.958392,0.949586,0.942075,0.935544,0.929776, 
1.04523,1.00522,0.982256,0.966281,0.95411,0.944324,0.936171,0.929201,0.923127,0.917755, 
1.01919,0.984123,0.963607,0.949197,0.938149,0.929225,0.921763,0.915366,0.909779,0.904827, 
0.991671,0.96173,0.943774,0.931002,0.921133,0.913115,0.906382,0.900589,0.895515,0.891007, 
0.962764,0.938101,0.922796,0.91173,0.903089,0.896018,0.890046,0.884886,0.88035,0.876307, 
0.932566,0.913295,0.900719,0.891414,0.884046,0.877957,0.872778,0.868276,0.8643,0.860742, 
0.901176,0.887375,0.877588,0.870092,0.864034,0.858959,0.854598,0.850778,0.847382,0.844328, 
0.868701,0.860407,0.853453,0.847801,0.843085,0.839051,0.835531,0.832413,0.829615,0.827081, 
0.83525,0.83246,0.828364,0.824584,0.821234,0.818261,0.815602,0.813202,0.811018,0.809017, 
0.800935,0.803606,0.802375,0.800483,0.798515,0.796619,0.794835,0.793168,0.791611,0.790155, 
0.765873,0.773919,0.775543,0.775543,0.774965,0.774158,0.77326,0.772335,0.771415,0.770513, 
0.730183,0.743478,0.747926,0.74981,0.750624,0.750909,0.750903,0.750728,0.750451,0.750111, 
0.693987,0.712362,0.719583,0.723332,0.725532,0.726907,0.727795,0.728373,0.728743,0.728969, 
0.657409,0.680654,0.690578,0.696161,0.69973,0.702189,0.703966,0.705295,0.706313,0.707107, 
0.620575,0.648439,0.660976,0.668348,0.673263,0.67679,0.679449,0.681525,0.683187,0.684547, 
0.583614,0.615806,0.630844,0.639949,0.646175,0.65075,0.654276,0.657089,0.65939,0.661312, 
0.546654,0.582842,0.60025,0.611018,0.618513,0.624108,0.628482,0.632018,0.634948,0.637424, 
0.509826,0.549642,0.569267,0.581614,0.590327,0.596906,0.602103,0.606343,0.609888,0.612907, 
0.47326,0.516298,0.537969,0.551798,0.561665,0.569185,0.575174,0.580096,0.584237,0.587785, 
0.437088,0.482907,0.50643,0.521631,0.532581,0.540992,0.547735,0.553309,0.558024,0.562083, 
0.401442,0.449568,0.47473,0.491178,0.503128,0.512371,0.519824,0.526017,0.531278,0.535827, 
0.366453,0.416383,0.442949,0.460504,0.473362,0.483369,0.491483,0.498254,0.50403,0.509041, 
0.332252,0.383453,0.41117,0.429681,0.443341,0.454037,0.462752,0.470056,0.47631,0.481754, 
0.298969,0.350884,0.379481,0.398778,0.413125,0.424426,0.433677,0.441461,0.44815,0.45399, 
0.266735,0.318787,0.347971,0.367872,0.382779,0.394588,0.404301,0.412507,0.419582,0.425779, 
0.235678,0.287272,0.316733,0.33704,0.352367,0.364581,0.374674,0.383235,0.390641,0.397148, 
0.205926,0.256454,0.285865,0.306365,0.32196,0.334462,0.344843,0.353685,0.361361,0.368125, 
0.177607,0.226455,0.25547,0.275935,0.291632,0.304295,0.314863,0.323901,0.331776,0.338738, 
0.150848,0.197399,0.225659,0.245844,0.261461,0.274145,0.284787,0.29393,0.301925,0.309017, 
0.125776,0.169419,0.196549,0.216192,0.231535,0.244085,0.254676,0.263818,0.271846,0.278991, 
0.102519,0.142658,0.168268,0.187091,0.201947,0.214194,0.224594,0.233619,0.241578,0.24869, 
0.0812066,0.11727,0.14096,0.158666,0.172803,0.18456,0.194614,0.203388,0.211165,0.218143, 
0.0619723,0.0934267,0.114788,0.131061,0.144227,0.155285,0.164817,0.17319,0.180653,0.187381, 
0.0449564,0.0713255,0.0899437,0.104448,0.116364,0.12649,0.1353,0.143097,0.150092,0.156434, 
0.0303112,0.0512028,0.0666647,0.0790407,0.0894001,0.098328,0.106182,0.113199,0.119543,0.125333, 
0.0182103,0.0333591,0.0452642,0.0551287,0.0635851,0.0710049,0.0776261,0.0836113,0.0890766,0.0941083, 
0.00886775,0.0182151,0.0262001,0.0331439,0.0392981,0.0448349,0.0498752,0.0545066,0.0587949,0.0627905, 
0.00258749,0.00646557,0.0102764,0.0138723,0.017244,0.0204091,0.0233891,0.0262045,0.0288732,0.0314108, 
NaN,NaN,NaN,NaN,NaN,NaN,NaN,NaN,NaN,-4.10207e-10, 
