0,0,0,0,0,0,0,0,0,0, 
0.172567,0.0941858,0.0680371,0.0549587,0.0471103,0.0418776,0.0381396,0.035336,0.0331553,0.0314108, 
0.343817,0.188,0.13589,0.109802,0.0941393,0.0836931,0.0762295,0.0706306,0.0662752,0.0627905, 
0.512447,0.281073,0.203374,0.164415,0.141006,0.125385,0.11422,0.105842,0.0993243,0.0941083, 
0.677187,0.373041,0.270307,0.218684,0.187629,0.166891,0.152062,0.14093,0.132267,0.125333, 
0.836811,0.463543,0.336508,0.272495,0.233928,0.20815,0.189705,0.175853,0.165069,0.156434, 
0.990156,0.552231,0.401801,0.325737,0.279825,0.249102,0.227101,0.21057,0.197694,0.187381, 
1.13613,0.638764,0.46601,0.378298,0.325239,0.289685,0.264201,0.24504,0.230107,0.218143, 
1.27373,0.722815,0.528966,0.43007,0.370093,0.329841,0.300958,0.279223,0.262275,0.24869, 
1.40205,0.80407,0.590503,0.480946,0.414312,0.36951,0.337322,0.313079,0.294163,0.278991, 
1.52028,0.882233,0.650461,0.530824,0.457819,0.408634,0.373248,0.346569,0.325736,0.309017, 
1.62775,0.957024,0.708684,0.5796,0.500541,0.447156,0.408688,0.379654,0.356961,0.338738, 
1.72387,1.02818,0.765027,0.627178,0.542406,0.485019,0.443598,0.412294,0.387805,0.368125, 
1.80821,1.09547,0.819347,0.673461,0.583344,0.52217,0.477931,0.444452,0.418235,0.397148, 
1.88045,1.15866,0.871511,0.718359,0.623288,0.558554,0.511644,0.476091,0.448218,0.425779, 
1.94041,1.21757,0.921395,0.761784,0.66217,0.594119,0.544694,0.507174,0.477723,0.45399, 
1.98802,1.27202,0.96888,0.803653,0.699928,0.628813,0.577038,0.537665,0.506717,0.481754, 
2.02334,1.32186,1.01386,0.843885,0.7365,0.662589,0.608636,0.567528,0.535171,0.509041, 
2.04656,1.36698,1.05623,0.882406,0.771827,0.695397,0.639446,0.59673,0.563054,0.535827, 
2.05797,1.40727,1.09591,0.919146,0.805853,0.727191,0.669431,0.625236,0.590337,0.562083, 
2.05797,1.44266,1.13281,0.954039,0.838525,0.757929,0.698553,0.653014,0.61699,0.587785, 
2.04706,1.47312,1.16687,0.987025,0.869794,0.787566,0.726775,0.680033,0.642986,0.612907, 
2.02583,1.49861,1.19803,1.01805,0.89961,0.816063,0.754062,0.70626,0.668296,0.637424, 
1.99494,1.51914,1.22623,1.04706,0.92793,0.843381,0.78038,0.731667,0.692895,0.661312, 
1.95512,1.53475,1.25145,1.07401,0.954714,0.869483,0.805698,0.756224,0.716755,0.684547, 
1.90715,1.5455,1.27364,1.09887,0.979922,0.894336,0.829984,0.779904,0.739853,0.707107, 
1.85187,1.55145,1.29279,1.1216,1.00352,0.917907,0.853209,0.802681,0.762164,0.728969, 
1.79013,1.55271,1.30891,1.14217,1.02548,0.940166,0.875346,0.824529,0.783664,0.750111, 
1.72279,1.5494,1.32198,1.16056,1.04577,0.961087,0.896368,0.845423,0.804332,0.770513, 
1.65075,1.54167,1.33203,1.17675,1.06437,0.980643,0.916251,0.865341,0.824144,0.790155, 
1.57488,1.52969,1.33908,1.19074,1.08126,0.998812,0.934973,0.884261,0.843082,0.809017, 
1.49604,1.51362,1.34316,1.20252,1.09642,1.01557,0.952512,0.902162,0.861125,0.827081, 
1.41507,1.49368,1.34431,1.21209,1.10984,1.03091,0.968849,0.919026,0.878255,0.844328, 
1.33277,1.47007,1.3426,1.21945,1.1215,1.04481,0.983967,0.934834,0.894454,0.860742, 
1.2499,1.44301,1.33809,1.22463,1.13141,1.05725,0.99785,0.94957,0.909706,0.876307, 
1.16717,1.41275,1.33084,1.22763,1.13956,1.06823,1.01049,0.963219,0.923994,0.891007, 
1.08525,1.37953,1.32094,1.22849,1.14596,1.07773,1.02186,0.975766,0.937306,0.904827, 
1.00472,1.34361,1.30848,1.22722,1.1506,1.08577,1.03196,0.987201,0.949626,0.917755, 
0.926129,1.30524,1.29355,1.22388,1.1535,1.09232,1.04079,0.997512,0.960944,0.929776, 
0.849948,1.2647,1.27625,1.21849,1.15467,1.09739,1.04833,1.00669,0.971249,0.940881, 
0.776583,1.22224,1.2567,1.2111,1.15413,1.10099,1.05458,1.01472,0.980529,0.951057, 
0.706376,1.17815,1.23502,1.20177,1.1519,1.10312,1.05954,1.02161,0.988777,0.960294, 
0.639603,1.13268,1.21132,1.19054,1.148,1.10378,1.06321,1.02735,0.995985,0.968583, 
0.576478,1.0861,1.18573,1.17748,1.14245,1.103,1.06559,1.03193,1.00215,0.975917, 
0.517157,1.03868,1.15838,1.16264,1.1353,1.10077,1.06669,1.03535,1.00726,0.982287, 
0.461734,0.990657,1.12941,1.14611,1.12657,1.09712,1.0665,1.03761,1.01131,0.987688, 
0.410256,0.942292,1.09896,1.12795,1.11629,1.09207,1.06504,1.03871,1.0143,0.992115, 
0.362717,0.89382,1.06716,1.10823,1.10452,1.08563,1.06231,1.03866,1.01624,0.995562, 
0.319069,0.845471,1.03416,1.08703,1.0913,1.07784,1.05834,1.03746,1.01711,0.998027, 
0.279226,0.797462,1.00011,1.06445,1.07666,1.06871,1.05312,1.03511,1.01693,0.999507, 
0.243068,0.75,0.96514,1.04056,1.06066,1.05827,1.04668,1.03163,1.01568,1, 
0.210447,0.703277,0.929406,1.01544,1.04335,1.04655,1.03903,1.02702,1.01338,0.999507, 
0.18119,0.657471,0.893049,0.989203,1.02479,1.03359,1.0302,1.02128,1.01003,0.998027, 
0.15511,0.612748,0.856211,0.961925,1.00504,1.01943,1.0202,1.01444,1.00564,0.995562, 
0.132002,0.569257,0.819034,0.933704,0.984146,1.00409,1.00905,1.00651,1.0002,0.992115, 
0.111656,0.527131,0.781656,0.904638,0.962178,0.987616,0.996788,0.99749,0.99374,0.987688, 
0.0938549,0.486489,0.744212,0.874821,0.9392,0.970055,0.983429,0.987411,0.986255,0.982287, 
0.0783814,0.447433,0.706835,0.844352,0.915277,0.951445,0.969005,0.976287,0.977761,0.975917, 
0.0650206,0.41005,0.669653,0.81333,0.890477,0.931834,0.953545,0.964136,0.968267,0.968583, 
0.053563,0.374409,0.632788,0.781853,0.86487,0.911268,0.937081,0.950978,0.957787,0.960294, 
0.0438064,0.340567,0.59636,0.750019,0.838525,0.889797,0.919647,0.936836,0.946335,0.951057, 
0.0355585,0.308562,0.560481,0.717927,0.811517,0.86747,0.901276,0.921733,0.933926,0.940881, 
0.0286383,0.278422,0.525258,0.685674,0.783918,0.844341,0.882005,0.905694,0.920576,0.929776, 
0.0228772,0.250155,0.490791,0.653357,0.755802,0.820463,0.861873,0.888744,0.906303,0.917755, 
0.0181196,0.223761,0.457174,0.62107,0.727246,0.795892,0.840919,0.870912,0.891124,0.904827, 
0.0142236,0.199224,0.424494,0.588907,0.698324,0.770684,0.819183,0.852226,0.875061,0.891007, 
0.0110611,0.176518,0.392831,0.55696,0.669115,0.744898,0.796709,0.832716,0.858132,0.876307, 
0.00851731,0.155605,0.362256,0.525318,0.639693,0.718594,0.77354,0.812414,0.840361,0.860742, 
0.00649081,0.136437,0.332835,0.494068,0.610137,0.691831,0.749721,0.791352,0.821771,0.844328, 
0.00489257,0.118958,0.304622,0.463294,0.580523,0.664671,0.7253,0.769565,0.802384,0.827081, 
0.00364537,0.103102,0.277668,0.433078,0.550929,0.637178,0.700323,0.747088,0.782227,0.809017, 
0.00268293,0.0887982,0.252012,0.403496,0.52143,0.609415,0.674841,0.723957,0.761325,0.790155, 
0.00194896,0.0759695,0.227686,0.374623,0.492103,0.581445,0.648903,0.700211,0.739707,0.770513, 
0.00139622,0.0645337,0.204715,0.34653,0.463022,0.553334,0.622562,0.675887,0.717399,0.750111, 
0.000985467,0.054405,0.183115,0.319283,0.434263,0.525149,0.595871,0.651028,0.694431,0.728969, 
0.000684549,0.0454951,0.162893,0.292943,0.405897,0.496955,0.568883,0.625673,0.670834,0.707107, 
0.000467433,0.0377141,0.144051,0.267568,0.377998,0.468819,0.541654,0.599866,0.646639,0.684547, 
0.000313325,0.0309715,0.126581,0.24321,0.350636,0.440809,0.514241,0.573652,0.621878,0.661312, 
0.000205857,0.0251771,0.110468,0.219919,0.32388,0.412993,0.486701,0.547075,0.596585,0.637424, 
0.000132332,0.020242,0.09569,0.197735,0.297797,0.38544,0.459094,0.520182,0.570794,0.612907, 
8.30659e-05,0.0160794,0.0822185,0.176697,0.272453,0.358217,0.43148,0.493023,0.544542,0.587785, 
5.07955e-05,0.0126052,0.0700179,0.156837,0.247913,0.331394,0.403921,0.465645,0.517864,0.562083, 
3.01787e-05,0.00973884,0.0590465,0.138181,0.224236,0.30504,0.376479,0.438101,0.4908,0.535827, 
1.73649e-05,0.0074038,0.0492569,0.120749,0.201483,0.279226,0.349221,0.410444,0.463388,0.509041, 
9.64075e-06,0.00552814,0.0405963,0.104556,0.179711,0.254021,0.322212,0.38273,0.435669,0.481754, 
5.14134e-06,0.00404491,0.0330069,0.0896113,0.158973,0.229496,0.295522,0.355014,0.407686,0.45399, 
2.61953e-06,0.0028925,0.0264266,0.0759163,0.139321,0.205724,0.269221,0.327358,0.379483,0.425779, 
1.26672e-06,0.00201482,0.0207893,0.0634675,0.120805,0.182776,0.243383,0.299823,0.351106,0.397148, 
5.76626e-07,0.00136151,0.0160256,0.0522543,0.103469,0.160725,0.218086,0.272476,0.322602,0.368125, 
2.44552e-07,0.000887938,0.0120634,0.0422597,0.0873584,0.139648,0.193409,0.245388,0.294025,0.338738, 
9.53536e-08,0.000555179,0.00882843,0.0334595,0.0725114,0.119622,0.16944,0.218634,0.265427,0.309017, 
3.35882e-08,0.000329891,0.00624478,0.0258226,0.0589653,0.100725,0.146272,0.192297,0.236868,0.278991, 
1.04380e-08,0.000184096,0.00423583,0.0193106,0.0467537,0.0830439,0.124004,0.166467,0.208413,0.24869, 
2.76813e-09,9.48927e-05,0.00272479,0.0138769,0.0359067,0.0666667,0.10275,0.141247,0.180133,0.218143, 
5.96679e-10,4.40920e-05,0.0016355,0.00946687,0.0264512,0.0516912,0.0826368,0.116758,0.152113,0.187381, 
9.69359e-11,1.77839e-05,0.000893221,0.00601638,0.0184106,0.0382267,0.0638159,0.093142,0.12445,0.156434, 
1.04586e-11,5.84472e-06,0.000425544,0.003451,0.0118046,0.0263998,0.0464728,0.0705817,0.0972702,0.125333, 
5.91172e-13,1.39018e-06,0.000163408,0.00168378,0.00664966,0.0163664,0.030851,0.0493231,0.0707414,0.0941083, 
1.02793e-14,1.83370e-07,4.23515e-05,0.000611716,0.00295845,0.00833461,0.0173024,0.0297383,0.0451215,0.0627905, 
1.00545e-17,5.73598e-09,4.20509e-06,0.000108211,0.000740068,0.00262675,0.00643132,0.01251,0.020899,0.0314108, 
1.44918e-96,-2.17779e-48,NaN,NaN,1.26202e-19,NaN,NaN,NaN,NaN,-4.10207e-10, 
