 0
 0.015708
 0.0314159
 0.0471239
 0.0628319
 0.0785398
 0.0942478
 0.109956
 0.125664
 0.141372
 0.15708
 0.172788
 0.188496
 0.204204
 0.219911
 0.235619
 0.251327
 0.267035
 0.282743
 0.298451
 0.314159
 0.329867
 0.345575
 0.361283
 0.376991
 0.392699
 0.408407
 0.424115
 0.439823
 0.455531
 0.471239
 0.486947
 0.502655
 0.518363
 0.534071
 0.549779
 0.565487
 0.581195
 0.596903
 0.612611
 0.628319
 0.644026
 0.659734
 0.675442
 0.69115
 0.706858
 0.722566
 0.738274
 0.753982
 0.76969
 0.785398
 0.801106
 0.816814
 0.832522
 0.84823
 0.863938
 0.879646
 0.895354
 0.911062
 0.92677
 0.942478
 0.958186
 0.973894
 0.989602
 1.00531
 1.02102
 1.03673
 1.05243
 1.06814
 1.08385
 1.09956
 1.11527
 1.13097
 1.14668
 1.16239
 1.1781
 1.19381
 1.20951
 1.22522
 1.24093
 1.25664
 1.27235
 1.28805
 1.30376
 1.31947
 1.33518
 1.35088
 1.36659
 1.3823
 1.39801
 1.41372
 1.42942
 1.44513
 1.46084
 1.47655
 1.49226
 1.50796
 1.52367
 1.53938
 1.55509
 1.5708
