0,0,0,0,0,0,0,0,0,0, 
0.0847112,0.0589709,0.0488147,0.0431901,0.0395594,0.0369985,0.0350841,0.033593,0.0323955,0.0314108, 
0.175103,0.120688,0.0993146,0.0875025,0.0798854,0.0745148,0.0705,0.0673721,0.0648588,0.0627905, 
0.267159,0.183224,0.150305,0.132127,0.12041,0.112149,0.105973,0.10116,0.0972925,0.0941083, 
0.35966,0.246018,0.201442,0.176828,0.160961,0.149775,0.14141,0.134891,0.129649,0.125333, 
0.451808,0.308712,0.252504,0.221452,0.201428,0.187306,0.176745,0.16851,0.161889,0.156434, 
0.542968,0.371025,0.303319,0.265876,0.241718,0.224672,0.21192,0.201974,0.193973,0.187381, 
0.632593,0.432716,0.353735,0.309995,0.28175,0.261809,0.246883,0.235238,0.225867,0.218143, 
0.720193,0.493567,0.403618,0.353712,0.321451,0.298657,0.281586,0.268261,0.257534,0.24869, 
0.805317,0.553376,0.452842,0.396937,0.36075,0.33516,0.315982,0.301004,0.288941,0.278991, 
0.887552,0.611955,0.501287,0.439583,0.399581,0.371263,0.350025,0.333427,0.320053,0.309017, 
0.966517,0.669128,0.548841,0.481569,0.437879,0.406915,0.38367,0.365493,0.350837,0.338738, 
1.04186,0.724727,0.595396,0.522815,0.475583,0.442063,0.416875,0.397163,0.381261,0.368125, 
1.11326,0.778593,0.640849,0.563246,0.512633,0.476659,0.449598,0.428402,0.411291,0.397148, 
1.18044,0.830578,0.685102,0.602789,0.54897,0.510655,0.481797,0.459173,0.440895,0.425779, 
1.24312,0.880542,0.72806,0.641373,0.584538,0.544003,0.513433,0.489442,0.470044,0.45399, 
1.30109,0.928354,0.769635,0.67893,0.619283,0.576657,0.544465,0.519173,0.498705,0.481754, 
1.35414,0.973893,0.809742,0.715396,0.653152,0.608575,0.574856,0.548333,0.526848,0.509041, 
1.40212,1.01705,0.848299,0.750708,0.686094,0.639712,0.604568,0.576889,0.554444,0.535827, 
1.4449,1.05772,0.885233,0.784807,0.718061,0.670027,0.633565,0.604808,0.581464,0.562083, 
1.48237,1.0958,0.920472,0.817637,0.749006,0.699479,0.661812,0.63206,0.60788,0.587785, 
1.51448,1.13123,0.953951,0.849144,0.778883,0.728031,0.689274,0.658613,0.633663,0.612907, 
1.54118,1.16392,0.985608,0.879277,0.80765,0.755645,0.715919,0.684439,0.658787,0.637424, 
1.56247,1.19382,1.01539,0.90799,0.835265,0.782284,0.741715,0.709507,0.683225,0.661312, 
1.57839,1.22087,1.04324,0.935238,0.861691,0.807915,0.766631,0.733791,0.706953,0.684547, 
1.58899,1.24503,1.06912,0.96098,0.886891,0.832506,0.790638,0.757264,0.729944,0.707107, 
1.59437,1.26627,1.09299,0.985179,0.91083,0.856024,0.813707,0.779899,0.752176,0.728969, 
1.59463,1.28457,1.11481,1.0078,0.933478,0.878442,0.835811,0.801672,0.773625,0.750111, 
1.58992,1.29993,1.13456,1.02881,0.954803,0.899731,0.856925,0.822559,0.794269,0.770513, 
1.5804,1.31233,1.15221,1.04819,0.97478,0.919865,0.877026,0.842537,0.814086,0.790155, 
1.56627,1.3218,1.16775,1.06591,0.993384,0.938822,0.896088,0.861585,0.833057,0.809017, 
1.54774,1.32835,1.18116,1.08195,1.01059,0.956578,0.914093,0.879682,0.851161,0.827081, 
1.52504,1.33202,1.19243,1.09629,1.02638,0.973113,0.931019,0.896809,0.868381,0.844328, 
1.49841,1.33285,1.20157,1.10892,1.04075,0.988409,0.946848,0.912947,0.884697,0.860742, 
1.46812,1.33088,1.20858,1.11984,1.05366,1.00245,0.961563,0.928081,0.900095,0.876307, 
1.43444,1.32618,1.21347,1.12903,1.06511,1.01522,0.975148,0.942193,0.914557,0.891007, 
1.39767,1.31881,1.21626,1.13649,1.0751,1.02671,0.98759,0.955269,0.928071,0.904827, 
1.35809,1.30885,1.21697,1.14224,1.08361,1.0369,0.998876,0.967297,0.94062,0.917755, 
1.316,1.29638,1.21562,1.14626,1.09065,1.0458,1.009,0.978264,0.952195,0.929776, 
1.27171,1.2815,1.21225,1.14857,1.0962,1.05338,1.01794,0.98816,0.962782,0.940881, 
1.22554,1.26431,1.20689,1.14918,1.10028,1.05966,1.0257,0.996975,0.972372,0.951057, 
1.17777,1.24491,1.19959,1.14812,1.10288,1.06462,1.03227,1.0047,0.980955,0.960294, 
1.12871,1.22341,1.19039,1.14539,1.10401,1.06826,1.03765,1.01133,0.988523,0.968583, 
1.07867,1.19994,1.17935,1.14102,1.10369,1.07059,1.04183,1.01686,0.995069,0.975917, 
1.02794,1.1746,1.16651,1.13504,1.10192,1.07161,1.04481,1.02128,1.00059,0.982287, 
0.976785,1.14754,1.15194,1.12748,1.09871,1.07133,1.0466,1.0246,1.00507,0.987688, 
0.925491,1.11888,1.1357,1.11837,1.0941,1.06975,1.04719,1.02681,1.00852,0.992115, 
0.874317,1.08875,1.11787,1.10775,1.08808,1.06688,1.04659,1.02791,1.01093,0.995562, 
0.823509,1.0573,1.09851,1.09566,1.08069,1.06274,1.04481,1.0279,1.0123,0.998027, 
0.7733,1.02466,1.0777,1.08214,1.07196,1.05735,1.04185,1.02678,1.01262,0.999507, 
0.723907,0.990964,1.05551,1.06723,1.0619,1.0507,1.03772,1.02457,1.01191,1, 
0.675531,0.956365,1.03203,1.05098,1.05055,1.04283,1.03243,1.02126,1.01016,0.999507, 
0.628355,0.920999,1.00735,1.03345,1.03794,1.03376,1.02599,1.01686,1.00737,0.998027, 
0.582543,0.885007,0.981542,1.01469,1.02411,1.0235,1.01842,1.01138,1.00356,0.995562, 
0.538244,0.848531,0.954702,0.994759,1.00908,1.01208,1.00974,1.00483,0.998717,0.992115, 
0.495585,0.811707,0.92692,0.973708,0.992904,0.999521,0.999953,0.997219,0.992857,0.987688, 
0.454676,0.774673,0.898287,0.951601,0.975618,0.985858,0.989085,0.988562,0.985986,0.982287, 
0.415609,0.737562,0.868899,0.928502,0.957264,0.971117,0.977156,0.978871,0.978113,0.975917, 
0.378456,0.700505,0.838848,0.904476,0.937888,0.95533,0.964187,0.968161,0.969247,0.968583, 
0.343272,0.663627,0.808231,0.879589,0.917536,0.938528,0.950202,0.956449,0.959402,0.960294, 
0.310094,0.627052,0.777142,0.853909,0.896257,0.920747,0.935224,0.943751,0.948587,0.951057, 
0.278943,0.590896,0.745679,0.827508,0.874102,0.902024,0.919281,0.930088,0.936817,0.940881, 
0.249825,0.555272,0.713937,0.800456,0.851121,0.882396,0.902401,0.915478,0.924106,0.929776, 
0.222728,0.520286,0.682011,0.772825,0.82737,0.861902,0.884612,0.899944,0.91047,0.917755, 
0.197628,0.486039,0.649995,0.74469,0.802903,0.840585,0.865945,0.883508,0.895925,0.904827, 
0.174488,0.452624,0.617984,0.716124,0.777777,0.818487,0.846432,0.866193,0.880488,0.891007, 
0.153259,0.420131,0.586069,0.687204,0.752051,0.795652,0.826106,0.848026,0.86418,0.876307, 
0.133882,0.388637,0.554342,0.658004,0.725783,0.772125,0.805004,0.829033,0.847018,0.860742, 
0.116287,0.358218,0.522891,0.628602,0.699034,0.747955,0.78316,0.80924,0.829025,0.844328, 
0.100397,0.328937,0.491803,0.599073,0.671867,0.723188,0.760612,0.788678,0.810222,0.827081, 
0.0861278,0.300853,0.461161,0.569494,0.644344,0.697877,0.737399,0.767376,0.790631,0.809017, 
0.0733908,0.274017,0.431048,0.539942,0.616528,0.67207,0.713562,0.745364,0.770277,0.790155, 
0.0620919,0.248469,0.401541,0.510493,0.588485,0.645821,0.689142,0.722677,0.749184,0.770513, 
0.0521345,0.224244,0.372716,0.481222,0.56028,0.619184,0.664181,0.699346,0.727378,0.750111, 
0.0434201,0.201369,0.344645,0.452205,0.531979,0.592213,0.638724,0.675407,0.704886,0.728969, 
0.0358496,0.17986,0.317395,0.423516,0.503649,0.564965,0.612816,0.650895,0.681736,0.707107, 
0.0293241,0.159728,0.291031,0.395229,0.475358,0.537496,0.586504,0.625848,0.657956,0.684547, 
0.0237466,0.140975,0.265613,0.367417,0.447175,0.509866,0.559836,0.600304,0.633576,0.661312, 
0.0190219,0.123596,0.241196,0.34015,0.419166,0.482133,0.532861,0.574302,0.608627,0.637424, 
0.0150582,0.107578,0.21783,0.313499,0.391403,0.454359,0.50563,0.547883,0.583139,0.612907, 
0.0117679,0.0928997,0.195563,0.287532,0.363953,0.426606,0.478196,0.52109,0.557147,0.587785, 
0.00906739,0.0795341,0.174434,0.262317,0.336888,0.398938,0.450611,0.493965,0.530683,0.562083, 
0.00687862,0.0674469,0.15448,0.237917,0.310277,0.371419,0.422932,0.466554,0.503783,0.535827, 
0.00512883,0.0565974,0.135731,0.214398,0.284192,0.344116,0.395216,0.438903,0.476481,0.509041, 
0.00375113,0.0469388,0.118212,0.191819,0.258703,0.317098,0.367522,0.41106,0.448816,0.481754, 
0.0026847,0.0384186,0.101943,0.17024,0.233884,0.290433,0.339911,0.383077,0.420826,0.45399, 
0.00187483,0.0309791,0.086935,0.149718,0.209806,0.264196,0.312448,0.355004,0.39255,0.425779, 
0.00127299,0.0245576,0.0731965,0.130308,0.186544,0.238461,0.2852,0.326898,0.364029,0.397148, 
0.00083673,0.0190874,0.060728,0.112062,0.164172,0.213306,0.258238,0.298815,0.335308,0.368125, 
0.000529464,0.0144977,0.0495235,0.0950308,0.142768,0.188814,0.231637,0.270819,0.306432,0.338738, 
0.000320249,0.0107147,0.0395703,0.0792611,0.122411,0.165071,0.205477,0.242976,0.277449,0.309017, 
0.000183429,0.00766179,0.0308486,0.0647985,0.103182,0.142172,0.179846,0.215357,0.24841,0.278991, 
9.82351e-05,0.00526048,0.023331,0.0516858,0.0851687,0.120217,0.154841,0.188042,0.219373,0.24869, 
4.83227e-05,0.00343082,0.016982,0.0399634,0.0684624,0.0993189,0.130571,0.161121,0.190398,0.218143, 
2.12715e-05,0.00209227,0.0117577,0.0296699,0.053164,0.0796058,0.107162,0.134698,0.161557,0.187381, 
8.04743e-06,0.00116436,0.00760403,0.020842,0.039386,0.0612274,0.0847643,0.1089,0.132933,0.156434, 
2.44522e-06,0.000567627,0.00445604,0.0135151,0.0272597,0.0443673,0.0635683,0.083885,0.104628,0.125333, 
5.25597e-07,0.000224528,0.00223498,0.00772468,0.0169468,0.0292654,0.0438296,0.0598706,0.0767807,0.0941083, 
6.01023e-08,6.06761e-05,0.000844171,0.00350784,0.00866421,0.0162656,0.0259303,0.0371887,0.0495994,0.0627905, 
1.47264e-09,6.47073e-06,0.000159599,0.000908771,0.00274904,0.00595325,0.0105604,0.0164613,0.0234773,0.0314108, 
NaN,NaN,NaN,NaN,NaN,NaN,NaN,NaN,NaN,-4.10207e-10, 
